REQ=FIL
DEV=TRC
JOB=""
MODEL=L11001
MNAME=E-TESS
VEN=ESS
OMAV=3.07
CIRC=168.45;168.33
HBOX=56.36;56.32
VBOX=47.53;47.49
DBL=15.14
ZTILT=3.90;3.90
FCRV=1.25;1.25
_TRCSIDE=B
FTYP=1
ETYP=1
_FCLASS=1
TRCFMT=1;800;U;R;F
R=2756;2761;2766;2770;2775;2780;2786;2791
R=2797;2802;2806;2813;2817;2821;2826;2830
R=2834;2839;2844;2849;2854;2858;2863;2868
R=2873;2878;2882;2889;2892;2897;2902;2906
R=2910;2915;2918;2921;2926;2930;2933;2937
R=2941;2944;2947;2949;2953;2956;2958;2961
R=2962;2964;2965;2965;2965;2965;2965;2965
R=2964;2963;2961;2960;2959;2956;2955;2952
R=2949;2945;2943;2939;2936;2930;2927;2922
R=2916;2912;2906;2901;2894;2888;2882;2876
R=2870;2862;2856;2847;2841;2831;2825;2817
R=2811;2802;2794;2788;2781;2772;2764;2755
R=2747;2738;2732;2724;2717;2709;2702;2693
R=2687;2677;2670;2661;2655;2647;2638;2633
R=2624;2618;2610;2603;2595;2587;2581;2573
R=2567;2560;2553;2548;2542;2535;2528;2524
R=2516;2510;2505;2498;2491;2487;2481;2475
R=2470;2465;2460;2456;2451;2447;2441;2437
R=2433;2428;2423;2419;2414;2410;2407;2403
R=2399;2395;2393;2389;2386;2384;2380;2377
R=2374;2371;2369;2367;2364;2362;2360;2358
R=2356;2353;2352;2350;2348;2347;2346;2345
R=2343;2343;2342;2341;2340;2340;2340;2340
R=2339;2340;2339;2339;2340;2340;2341;2341
R=2343;2343;2344;2345;2346;2347;2348;2349
R=2351;2352;2355;2356;2358;2360;2361;2365
R=2366;2369;2371;2374;2376;2379;2382;2386
R=2389;2393;2395;2400;2403;2407;2412;2416
R=2421;2424;2429;2433;2439;2444;2448;2453
R=2459;2463;2469;2474;2480;2485;2490;2497
R=2503;2509;2515;2522;2528;2535;2541;2546
R=2554;2561;2567;2574;2582;2590;2597;2605
R=2613;2620;2627;2636;2644;2653;2660;2669
R=2678;2685;2694;2703;2712;2719;2728;2737
R=2748;2757;2766;2776;2786;2794;2803;2813
R=2823;2834;2845;2854;2865;2875;2885;2894
R=2904;2915;2927;2937;2946;2956;2967;2974
R=2985;2995;3005;3014;3025;3032;3043;3050
R=3058;3066;3074;3080;3089;3095;3101;3107
R=3111;3116;3120;3123;3126;3127;3129;3131
R=3132;3131;3130;3128;3127;3125;3124;3122
R=3119;3116;3113;3109;3105;3101;3097;3092
R=3088;3084;3079;3072;3066;3062;3056;3050
R=3045;3038;3032;3025;3020;3014;3008;3001
R=2996;2990;2982;2978;2971;2966;2959;2954
R=2948;2942;2937;2931;2925;2919;2915;2909
R=2904;2898;2893;2888;2883;2876;2872;2868
R=2863;2856;2852;2847;2842;2837;2832;2828
R=2823;2817;2812;2807;2801;2797;2792;2789
R=2783;2779;2774;2770;2766;2762;2758;2753
R=2749;2746;2742;2737;2734;2731;2727;2724
R=2721;2717;2714;2712;2709;2704;2701;2698
R=2694;2692;2689;2686;2683;2680;2678;2675
R=2672;2670;2667;2664;2661;2660;2657;2655
R=2653;2651;2649;2647;2645;2643;2642;2641
R=2639;2637;2636;2635;2633;2631;2630;2629
R=2627;2626;2624;2624;2622;2621;2620;2619
R=2618;2617;2616;2615;2614;2613;2612;2611
R=2611;2610;2609;2608;2608;2606;2606;2605
R=2605;2605;2603;2603;2602;2601;2601;2599
R=2598;2598;2597;2596;2596;2595;2594;2593
R=2592;2592;2590;2590;2588;2587;2586;2586
R=2585;2583;2582;2581;2578;2576;2574;2572
R=2569;2568;2565;2564;2563;2560;2559;2556
R=2554;2552;2549;2548;2545;2543;2540;2538
R=2535;2533;2531;2528;2526;2523;2520;2518
R=2516;2513;2509;2508;2504;2502;2499;2496
R=2494;2490;2488;2487;2483;2481;2478;2474
R=2471;2468;2466;2463;2460;2459;2455;2452
R=2450;2448;2446;2442;2440;2438;2435;2432
R=2429;2427;2425;2423;2421;2419;2418;2415
R=2413;2411;2409;2407;2406;2403;2402;2401
R=2400;2398;2396;2395;2394;2392;2391;2390
R=2389;2387;2386;2385;2384;2382;2382;2381
R=2381;2380;2379;2378;2378;2377;2376;2376
R=2375;2374;2374;2373;2373;2373;2373;2373
R=2373;2372;2372;2372;2372;2372;2373;2373
R=2373;2373;2374;2374;2374;2376;2375;2376
R=2377;2378;2378;2379;2380;2380;2381;2382
R=2383;2384;2385;2385;2387;2387;2388;2389
R=2390;2391;2393;2394;2396;2397;2397;2399
R=2400;2400;2402;2404;2405;2407;2408;2409
R=2411;2412;2413;2415;2417;2418;2419;2421
R=2422;2424;2424;2426;2428;2429;2431;2433
R=2435;2436;2437;2439;2440;2441;2443;2445
R=2446;2447;2448;2450;2452;2453;2455;2456
R=2458;2459;2461;2463;2465;2466;2468;2470
R=2471;2474;2475;2476;2478;2479;2481;2483
R=2485;2486;2487;2488;2490;2492;2494;2496
R=2497;2498;2501;2502;2503;2505;2507;2508
R=2510;2512;2514;2515;2518;2519;2521;2522
R=2524;2526;2528;2530;2532;2533;2534;2536
R=2538;2540;2542;2543;2545;2547;2548;2551
R=2554;2556;2559;2561;2564;2568;2571;2574
R=2577;2581;2585;2589;2593;2596;2599;2603
R=2606;2610;2613;2616;2620;2623;2627;2630
R=2632;2635;2639;2642;2646;2648;2653;2656
R=2658;2662;2666;2670;2673;2677;2682;2685
R=2689;2693;2697;2700;2704;2709;2713;2717
R=2722;2726;2729;2734;2738;2742;2747;2752
A=39;91;132;173;225;266;315;354
A=408;448;490;542;584;626;677;718
A=760;809;851;902;943;985;1038;1077
A=1127;1168;1209;1262;1302;1344;1398;1438
A=1481;1533;1575;1615;1668;1710;1752;1794
A=1847;1889;1932;1974;2029;2070;2114;2157
A=2202;2245;2290;2337;2380;2427;2472;2517
A=2563;2608;2655;2700;2747;2793;2827;2875
A=2923;2972;3007;3055;3104;3152;3190;3238
A=3287;3326;3376;3413;3464;3513;3551;3602
A=3639;3691;3730;3782;3821;3872;3910;3961
A=3997;4050;4100;4138;4178;4231;4271;4324
A=4361;4411;4451;4500;4540;4590;4629;4680
A=4720;4769;4808;4859;4897;4948;4997;5035
A=5087;5125;5174;5213;5264;5314;5351;5401
A=5439;5488;5538;5572;5620;5669;5719;5756
A=5804;5854;5890;5939;5989;6026;6073;6119
A=6168;6214;6248;6295;6342;6389;6437;6472
A=6519;6566;6613;6660;6706;6751;6797;6841
A=6889;6934;6968;7014;7057;7103;7149;7194
A=7238;7294;7338;7381;7425;7471;7515;7559
A=7602;7647;7690;7734;7789;7830;7874;7916
A=7961;8012;8057;8098;8140;8182;8236;8278
A=8321;8372;8414;8459;8500;8552;8591;8633
A=8685;8726;8768;8822;8861;8913;8954;8995
A=9046;9087;9139;9180;9218;9269;9310;9361
A=9402;9452;9493;9543;9581;9632;9672;9722
A=9762;9812;9852;9901;9940;9990;10039;10078
A=10126;10166;10213;10256;10303;10353;10392;10439
A=10489;10527;10574;10614;10663;10713;10750;10798
A=10847;10886;10934;10981;11021;11070;11117;11157
A=11203;11252;11289;11337;11384;11432;11470;11519
A=11567;11603;11651;11699;11748;11794;11831;11880
A=11928;11966;12015;12062;12110;12148;12193;12240
A=12286;12333;12370;12419;12467;12506;12553;12599
A=12644;12691;12737;12776;12824;12871;12918;12955
A=13002;13049;13097;13144;13184;13231;13280;13317
A=13364;13411;13460;13498;13546;13585;13636;13676
A=13726;13766;13815;13856;13906;13947;13998;14041
A=14083;14126;14179;14222;14263;14307;14351;14396
A=14442;14489;14534;14579;14623;14667;14713;14760
A=14806;14853;14900;14936;14982;15029;15076;15122
A=15171;15206;15256;15302;15351;15386;15435;15484
A=15521;15569;15617;15665;15700;15749;15798;15846
A=15883;15932;15980;16016;16064;16112;16160;16196
A=16245;16293;16330;16378;16425;16473;16510;16557
A=16605;16653;16690;16738;16785;16833;16880;16917
A=16966;17012;17050;17097;17144;17192;17241;17277
A=17325;17375;17411;17458;17505;17553;17600;17637
A=17683;17732;17779;17815;17864;17912;17956;18004
A=18052;18087;18136;18181;18230;18264;18311;18358
A=18404;18451;18498;18535;18583;18630;18678;18724
A=18771;18807;18853;18899;18945;18994;19041;19077
A=19123;19171;19218;19264;19311;19346;19393;19438
A=19485;19533;19579;19625;19672;19707;19753;19797
A=19845;19891;19938;19985;20022;20066;20112;20160
A=20206;20252;20299;20344;20392;20426;20473;20517
A=20564;20611;20656;20704;20749;20798;20831;20877
A=20923;20970;21016;21063;21109;21155;21192;21238
A=21282;21330;21377;21422;21469;21517;21551;21600
A=21646;21693;21739;21785;21819;21867;21915;21960
A=22008;22055;22090;22138;22185;22232;22279;22326
A=22362;22411;22460;22497;22547;22595;22631;22679
A=22726;22773;22823;22859;22907;22955;22993;23042
A=23090;23127;23176;23224;23260;23309;23358;23396
A=23446;23494;23531;23580;23629;23666;23715;23766
A=23803;23853;23901;23939;23990;24026;24076;24124
A=24163;24211;24260;24298;24348;24386;24437;24487
A=24524;24574;24611;24660;24708;24748;24797;24847
A=24883;24934;24972;25021;25071;25109;25159;25197
A=25246;25294;25330;25381;25428;25466;25514;25565
A=25602;25653;25703;25738;25786;25836;25873;25920
A=25971;26006;26057;26104;26143;26191;26239;26287
A=26322;26373;26420;26457;26504;26555;26591;26639
A=26688;26735;26769;26817;26865;26914;26950;26998
A=27048;27093;27130;27178;27227;27273;27321;27357
A=27403;27451;27500;27536;27583;27631;27677;27724
A=27760;27806;27854;27901;27947;27996;28030;28077
A=28126;28172;28219;28264;28311;28345;28392;28439
A=28485;28532;28579;28625;28660;28707;28755;28802
A=28848;28893;28940;28975;29021;29069;29114;29162
A=29207;29253;29299;29345;29391;29426;29471;29520
A=29566;29611;29658;29702;29747;29794;29830;29876
A=29924;29970;30016;30060;30106;30151;30199;30244
A=30291;30326;30372;30417;30461;30507;30553;30599
A=30647;30694;30739;30786;30831;30865;30909;30955
A=30999;31047;31091;31137;31183;31227;31273;31320
A=31365;31411;31457;31503;31548;31592;31638;31683
A=31730;31765;31810;31856;31902;31946;31992;32036
A=32081;32127;32173;32218;32263;32309;32354;32399
A=32444;32489;32533;32579;32625;32669;32713;32759
A=32801;32847;32892;32938;32984;33028;33074;33117
A=33163;33209;33252;33297;33342;33386;33428;33483
A=33529;33573;33615;33658;33702;33754;33798;33840
A=33883;33924;33978;34020;34063;34105;34150;34204
A=34247;34289;34332;34375;34428;34470;34516;34558
A=34602;34644;34697;34739;34783;34826;34879;34922
A=34965;35005;35059;35102;35142;35184;35237;35279
A=35321;35374;35415;35458;35500;35552;35595;35635
A=35689;35731;35771;35825;35864;35907;35956;35998
ZFMT=1;800;U;R;F
Z=55;55;56;56;57;57;58;58
Z=59;60;60;61;61;62;62;63
Z=63;63;64;64;65;65;65;65
Z=66;66;66;67;68;68;68;69
Z=69;69;69;69;69;69;69;69
Z=70;70;70;70;70;70;70;70
Z=70;70;70;70;70;70;70;69
Z=69;69;68;68;68;67;67;66
Z=65;65;64;64;63;63;62;62
Z=61;60;59;58;57;56;55;54
Z=54;53;52;51;51;50;49;48
Z=48;47;46;45;45;44;43;42
Z=41;40;39;38;37;36;35;34
Z=33;32;31;30;30;29;28;27
Z=26;25;25;24;23;23;22;22
Z=21;21;20;19;19;18;17;17
Z=16;16;16;16;16;16;16;16
Z=15;15;15;14;14;14;14;13
Z=13;13;13;13;13;13;13;12
Z=12;11;11;10;10;10;10;9
Z=9;9;9;8;8;8;8;7
Z=7;7;7;7;6;6;6;5
Z=5;5;5;4;4;4;4;4
Z=4;4;4;4;4;4;4;5
Z=5;5;5;5;5;5;5;5
Z=5;5;5;6;6;6;7;7
Z=8;8;9;10;11;12;12;13
Z=13;13;14;14;15;15;16;17
Z=17;18;18;19;20;20;20;20
Z=21;21;22;22;23;24;25;26
Z=27;28;29;30;30;31;32;33
Z=33;34;35;36;37;38;39;40
Z=42;43;44;45;47;48;49;50
Z=52;53;54;55;57;58;59;61
Z=62;64;65;66;68;69;70;72
Z=74;75;76;78;79;80;82;83
Z=85;86;88;89;91;92;93;95
Z=96;97;99;100;101;103;104;105
Z=107;108;110;112;115;117;119;121
Z=123;125;125;126;126;126;125;123
Z=122;121;120;118;117;116;115;114
Z=113;112;111;110;109;108;107;106
Z=105;104;103;103;102;101;100;100
Z=99;98;97;96;96;95;94;94
Z=93;93;92;92;91;91;90;90
Z=89;89;88;88;87;87;87;86
Z=86;86;85;85;84;84;84;84
Z=83;83;83;82;82;82;81;81
Z=80;80;79;78;78;77;76;75
Z=74;73;72;71;71;70;70;69
Z=69;68;68;68;67;67;67;67
Z=66;66;65;64;63;62;61;60
Z=58;57;56;56;55;54;54;53
Z=53;53;53;53;53;53;53;53
Z=53;53;53;53;53;53;53;53
Z=52;52;52;51;51;51;51;51
Z=51;51;51;51;52;52;52;52
Z=52;52;52;52;53;53;53;53
Z=54;54;54;54;55;55;55;55
Z=56;56;57;57;57;58;58;58
Z=58;58;57;57;56;56;55;55
Z=55;54;54;54;53;53;52;52
Z=51;51;50;49;49;48;47;47
Z=46;45;44;43;42;41;40;39
Z=38;37;36;35;35;34;33;32
Z=32;31;31;30;30;29;29;28
Z=27;27;26;26;25;24;23;23
Z=22;21;20;19;18;17;16;15
Z=14;13;12;12;12;11;11;11
Z=11;11;10;10;10;9;8;8
Z=7;6;5;5;4;3;3;2
Z=1;1;1;1;1;1;1;1
Z=0;0;0;0;1;1;1;2
Z=2;2;2;2;2;2;2;3
Z=3;4;5;5;6;7;7;8
Z=8;9;9;10;10;11;11;11
Z=11;11;11;11;11;11;11;11
Z=11;11;12;13;13;14;14;15
Z=15;16;16;17;17;18;18;19
Z=19;20;20;20;20;20;20;19
Z=19;19;19;19;19;19;19;19
Z=19;19;19;19;20;20;20;20
Z=21;21;21;21;20;20;20;20
Z=20;20;20;19;19;19;19;19
Z=19;19;19;19;18;18;18;17
Z=17;17;17;17;16;16;16;16
Z=17;17;18;19;20;21;21;22
Z=22;22;22;21;21;20;20;20
Z=21;21;21;21;20;20;19;19
Z=18;18;18;19;19;19;19;18
Z=18;18;18;17;17;17;17;18
Z=18;18;18;19;19;19;20;20
Z=21;21;21;21;21;21;20;20
Z=20;19;19;19;18;18;18;19
Z=19;19;20;21;21;22;23;24
Z=25;26;27;27;28;29;30;30
Z=31;32;33;34;35;36;37;38
Z=38;39;40;41;41;42;43;44
Z=44;45;46;46;47;47;48;49
Z=49;50;51;51;52;53;53;53
ZA=0;45;90;135;180;225;270;315
ZA=360;405;450;495;540;585;630;675
ZA=720;765;810;855;900;945;990;1035
ZA=1080;1125;1170;1215;1260;1305;1350;1395
ZA=1440;1485;1530;1575;1620;1665;1710;1755
ZA=1800;1845;1890;1935;1980;2025;2070;2115
ZA=2160;2205;2250;2295;2340;2385;2430;2475
ZA=2520;2565;2610;2655;2700;2745;2790;2835
ZA=2880;2925;2970;3015;3060;3105;3150;3195
ZA=3240;3285;3330;3375;3420;3465;3510;3555
ZA=3600;3645;3690;3735;3780;3825;3870;3915
ZA=3960;4005;4050;4095;4140;4185;4230;4275
ZA=4320;4365;4410;4455;4500;4545;4590;4635
ZA=4680;4725;4770;4815;4860;4905;4950;4995
ZA=5040;5085;5130;5175;5220;5265;5310;5355
ZA=5400;5445;5490;5535;5580;5625;5670;5715
ZA=5760;5805;5850;5895;5940;5985;6030;6075
ZA=6120;6165;6210;6255;6300;6345;6390;6435
ZA=6480;6525;6570;6615;6660;6705;6750;6795
ZA=6840;6885;6930;6975;7020;7065;7110;7155
ZA=7200;7245;7290;7335;7380;7425;7470;7515
ZA=7560;7605;7650;7695;7740;7785;7830;7875
ZA=7920;7965;8010;8055;8100;8145;8190;8235
ZA=8280;8325;8370;8415;8460;8505;8550;8595
ZA=8640;8685;8730;8775;8820;8865;8910;8955
ZA=9000;9045;9090;9135;9180;9225;9270;9315
ZA=9360;9405;9450;9495;9540;9585;9630;9675
ZA=9720;9765;9810;9855;9900;9945;9990;10035
ZA=10080;10125;10170;10215;10260;10305;10350;10395
ZA=10440;10485;10530;10575;10620;10665;10710;10755
ZA=10800;10845;10890;10935;10980;11025;11070;11115
ZA=11160;11205;11250;11295;11340;11385;11430;11475
ZA=11520;11565;11610;11655;11700;11745;11790;11835
ZA=11880;11925;11970;12015;12060;12105;12150;12195
ZA=12240;12285;12330;12375;12420;12465;12510;12555
ZA=12600;12645;12690;12735;12780;12825;12870;12915
ZA=12960;13005;13050;13095;13140;13185;13230;13275
ZA=13320;13365;13410;13455;13500;13545;13590;13635
ZA=13680;13725;13770;13815;13860;13905;13950;13995
ZA=14040;14085;14130;14175;14220;14265;14310;14355
ZA=14400;14445;14490;14535;14580;14625;14670;14715
ZA=14760;14805;14850;14895;14940;14985;15030;15075
ZA=15120;15165;15210;15255;15300;15345;15390;15435
ZA=15480;15525;15570;15615;15660;15705;15750;15795
ZA=15840;15885;15930;15975;16020;16065;16110;16155
ZA=16200;16245;16290;16335;16380;16425;16470;16515
ZA=16560;16605;16650;16695;16740;16785;16830;16875
ZA=16920;16965;17010;17055;17100;17145;17190;17235
ZA=17280;17325;17370;17415;17460;17505;17550;17595
ZA=17640;17685;17730;17775;17820;17865;17910;17955
ZA=18000;18045;18090;18135;18180;18225;18270;18315
ZA=18360;18405;18450;18495;18540;18585;18630;18675
ZA=18720;18765;18810;18855;18900;18945;18990;19035
ZA=19080;19125;19170;19215;19260;19305;19350;19395
ZA=19440;19485;19530;19575;19620;19665;19710;19755
ZA=19800;19845;19890;19935;19980;20025;20070;20115
ZA=20160;20205;20250;20295;20340;20385;20430;20475
ZA=20520;20565;20610;20655;20700;20745;20790;20835
ZA=20880;20925;20970;21015;21060;21105;21150;21195
ZA=21240;21285;21330;21375;21420;21465;21510;21555
ZA=21600;21645;21690;21735;21780;21825;21870;21915
ZA=21960;22005;22050;22095;22140;22185;22230;22275
ZA=22320;22365;22410;22455;22500;22545;22590;22635
ZA=22680;22725;22770;22815;22860;22905;22950;22995
ZA=23040;23085;23130;23175;23220;23265;23310;23355
ZA=23400;23445;23490;23535;23580;23625;23670;23715
ZA=23760;23805;23850;23895;23940;23985;24030;24075
ZA=24120;24165;24210;24255;24300;24345;24390;24435
ZA=24480;24525;24570;24615;24660;24705;24750;24795
ZA=24840;24885;24930;24975;25020;25065;25110;25155
ZA=25200;25245;25290;25335;25380;25425;25470;25515
ZA=25560;25605;25650;25695;25740;25785;25830;25875
ZA=25920;25965;26010;26055;26100;26145;26190;26235
ZA=26280;26325;26370;26415;26460;26505;26550;26595
ZA=26640;26685;26730;26775;26820;26865;26910;26955
ZA=27000;27045;27090;27135;27180;27225;27270;27315
ZA=27360;27405;27450;27495;27540;27585;27630;27675
ZA=27720;27765;27810;27855;27900;27945;27990;28035
ZA=28080;28125;28170;28215;28260;28305;28350;28395
ZA=28440;28485;28530;28575;28620;28665;28710;28755
ZA=28800;28845;28890;28935;28980;29025;29070;29115
ZA=29160;29205;29250;29295;29340;29385;29430;29475
ZA=29520;29565;29610;29655;29700;29745;29790;29835
ZA=29880;29925;29970;30015;30060;30105;30150;30195
ZA=30240;30285;30330;30375;30420;30465;30510;30555
ZA=30600;30645;30690;30735;30780;30825;30870;30915
ZA=30960;31005;31050;31095;31140;31185;31230;31275
ZA=31320;31365;31410;31455;31500;31545;31590;31635
ZA=31680;31725;31770;31815;31860;31905;31950;31995
ZA=32040;32085;32130;32175;32220;32265;32310;32355
ZA=32400;32445;32490;32535;32580;32625;32670;32715
ZA=32760;32805;32850;32895;32940;32985;33030;33075
ZA=33120;33165;33210;33255;33300;33345;33390;33435
ZA=33480;33525;33570;33615;33660;33705;33750;33795
ZA=33840;33885;33930;33975;34020;34065;34110;34155
ZA=34200;34245;34290;34335;34380;34425;34470;34515
ZA=34560;34605;34650;34695;34740;34785;34830;34875
ZA=34920;34965;35010;35055;35100;35145;35190;35235
ZA=35280;35325;35370;35415;35460;35505;35550;35595
ZA=35640;35685;35730;35775;35820;35865;35910;35955
TRCFMT=1;800;U;L;F
R=2756;2760;2765;2769;2773;2777;2782;2787
R=2790;2796;2800;2806;2811;2815;2820;2827
R=2830;2835;2841;2845;2851;2855;2861;2866
R=2871;2876;2880;2886;2891;2896;2901;2908
R=2913;2918;2924;2930;2935;2940;2946;2953
R=2957;2963;2970;2977;2981;2987;2994;2999
R=3005;3012;3019;3023;3030;3036;3043;3047
R=3054;3060;3065;3071;3076;3082;3086;3090
R=3095;3099;3103;3107;3110;3114;3117;3120
R=3122;3124;3125;3126;3127;3129;3129;3129
R=3128;3126;3124;3121;3118;3113;3110;3105
R=3100;3092;3086;3078;3071;3064;3057;3048
R=3041;3031;3023;3013;3004;2994;2983;2973
R=2965;2955;2945;2935;2925;2913;2902;2892
R=2883;2873;2862;2852;2843;2832;2821;2811
R=2801;2792;2784;2774;2764;2755;2745;2735
R=2726;2717;2710;2701;2692;2683;2676;2667
R=2659;2651;2642;2634;2626;2618;2611;2603
R=2595;2588;2581;2572;2565;2559;2552;2544
R=2539;2532;2526;2520;2513;2506;2501;2495
R=2488;2483;2478;2472;2467;2461;2457;2451
R=2446;2442;2437;2431;2427;2422;2419;2414
R=2410;2405;2401;2398;2393;2391;2387;2384
R=2380;2377;2374;2372;2369;2367;2364;2363
R=2359;2358;2356;2354;2353;2350;2349;2347
R=2346;2345;2344;2343;2342;2341;2341;2339
R=2339;2338;2338;2337;2337;2338;2337;2338
R=2338;2338;2338;2339;2340;2341;2342;2343
R=2344;2345;2346;2348;2350;2351;2354;2356
R=2358;2360;2362;2365;2367;2370;2372;2375
R=2378;2381;2384;2387;2391;2393;2397;2400
R=2405;2408;2412;2417;2421;2426;2430;2435
R=2439;2445;2449;2454;2459;2463;2468;2473
R=2479;2485;2490;2497;2504;2509;2515;2522
R=2526;2533;2540;2546;2551;2558;2566;2571
R=2579;2584;2593;2602;2608;2616;2622;2630
R=2636;2644;2652;2660;2668;2675;2684;2691
R=2700;2706;2715;2721;2730;2736;2746;2753
R=2762;2769;2779;2786;2792;2800;2809;2815
R=2823;2829;2838;2844;2853;2859;2867;2873
R=2880;2885;2891;2898;2903;2909;2914;2919
R=2924;2928;2933;2937;2941;2943;2946;2950
R=2952;2954;2956;2958;2959;2961;2961;2962
R=2963;2963;2963;2963;2963;2961;2960;2958
R=2956;2954;2951;2947;2945;2941;2938;2935
R=2931;2927;2924;2919;2915;2913;2908;2904
R=2900;2895;2890;2887;2880;2876;2872;2866
R=2861;2856;2852;2847;2842;2837;2832;2828
R=2824;2819;2815;2811;2804;2800;2795;2789
R=2784;2778;2773;2768;2764;2759;2754;2750
R=2745;2740;2736;2732;2727;2724;2720;2715
R=2711;2707;2702;2698;2695;2691;2687;2683
R=2680;2675;2671;2668;2664;2660;2656;2654
R=2651;2646;2644;2640;2637;2634;2630;2628
R=2625;2621;2618;2614;2611;2607;2604;2601
R=2597;2593;2591;2587;2583;2578;2575;2572
R=2569;2566;2562;2559;2556;2554;2552;2549
R=2546;2545;2543;2541;2540;2538;2536;2534
R=2533;2532;2530;2528;2527;2525;2523;2521
R=2519;2517;2515;2514;2512;2510;2509;2506
R=2505;2503;2501;2500;2498;2497;2495;2494
R=2492;2490;2488;2487;2486;2484;2483;2482
R=2480;2478;2476;2474;2473;2472;2470;2468
R=2466;2465;2463;2461;2460;2458;2457;2455
R=2453;2451;2450;2448;2447;2446;2445;2443
R=2442;2440;2438;2438;2436;2435;2433;2431
R=2430;2428;2427;2425;2423;2422;2420;2419
R=2418;2417;2415;2413;2412;2411;2409;2408
R=2406;2405;2403;2402;2400;2399;2398;2397
R=2395;2394;2393;2393;2392;2390;2389;2388
R=2387;2385;2385;2384;2383;2382;2382;2381
R=2380;2378;2378;2378;2376;2375;2376;2375
R=2374;2374;2373;2373;2372;2372;2372;2372
R=2371;2371;2370;2370;2371;2370;2371;2371
R=2371;2372;2372;2372;2373;2373;2374;2374
R=2375;2375;2376;2376;2377;2378;2379;2380
R=2380;2381;2382;2384;2384;2385;2387;2388
R=2389;2391;2392;2393;2395;2397;2398;2400
R=2401;2402;2404;2406;2408;2409;2413;2414
R=2416;2418;2420;2421;2423;2426;2428;2431
R=2432;2435;2438;2441;2444;2446;2449;2451
R=2454;2457;2459;2462;2464;2467;2470;2472
R=2476;2479;2481;2484;2486;2489;2493;2495
R=2497;2501;2503;2506;2508;2512;2515;2517
R=2519;2522;2524;2527;2530;2532;2534;2536
R=2539;2541;2544;2546;2548;2551;2553;2555
R=2557;2559;2561;2563;2564;2566;2568;2570
R=2572;2574;2577;2580;2580;2582;2583;2584
R=2585;2586;2587;2588;2589;2590;2590;2592
R=2593;2594;2594;2595;2595;2597;2597;2598
R=2600;2599;2600;2602;2602;2603;2604;2604
R=2605;2606;2606;2607;2608;2608;2610;2611
R=2611;2611;2613;2614;2614;2616;2617;2618
R=2619;2619;2621;2621;2623;2624;2625;2626
R=2628;2630;2632;2632;2635;2636;2638;2639
R=2641;2642;2644;2646;2647;2649;2652;2653
R=2656;2658;2660;2663;2665;2669;2671;2674
R=2676;2679;2682;2685;2688;2691;2692;2696
R=2700;2703;2707;2711;2713;2716;2720;2722
R=2726;2729;2732;2736;2741;2744;2748;2752
A=41;88;136;183;219;268;315;364
A=399;447;493;542;590;626;673;723
A=759;807;854;902;951;986;1035;1084
A=1119;1167;1214;1263;1309;1346;1394;1441
A=1490;1525;1574;1621;1669;1706;1754;1803
A=1839;1887;1935;1983;2019;2067;2116;2153
A=2202;2250;2299;2334;2382;2431;2479;2517
A=2565;2614;2649;2697;2745;2794;2829;2876
A=2924;2971;3016;3063;3098;3145;3194;3240
A=3287;3332;3377;3422;3467;3512;3558;3604
A=3648;3692;3734;3778;3820;3873;3916;3960
A=4001;4054;4093;4144;4184;4235;4274;4324
A=4365;4414;4452;4502;4541;4589;4635;4684
A=4720;4769;4816;4855;4902;4950;4996;5043
A=5080;5128;5176;5223;5262;5309;5355;5401
A=5447;5494;5532;5580;5629;5667;5713;5759
A=5804;5852;5889;5938;5985;6034;6072;6120
A=6167;6205;6253;6300;6347;6395;6434;6481
A=6529;6568;6614;6662;6711;6749;6796;6844
A=6881;6931;6978;7018;7067;7115;7154;7200
A=7249;7285;7335;7384;7425;7471;7510;7559
A=7607;7646;7696;7744;7785;7833;7873;7921
A=7961;8009;8059;8098;8148;8188;8237;8277
A=8328;8368;8418;8456;8506;8547;8597;8639
A=8690;8731;8781;8820;8861;8913;8954;9005
A=9044;9085;9136;9178;9230;9272;9313;9365
A=9407;9448;9500;9542;9584;9626;9680;9722
A=9764;9816;9858;9900;9944;9986;10040;10082
A=10126;10168;10212;10267;10310;10353;10396;10440
A=10486;10530;10574;10618;10662;10707;10761;10805
A=10851;10896;10943;10986;11031;11065;11110;11158
A=11202;11248;11294;11340;11387;11434;11481;11528
A=11563;11611;11658;11705;11751;11787;11833;11882
A=11927;11974;12011;12060;12109;12145;12195;12245
A=12281;12331;12379;12428;12464;12513;12561;12599
A=12647;12685;12737;12786;12824;12876;12913;12964
A=13002;13052;13102;13140;13191;13228;13280;13320
A=13373;13411;13461;13500;13550;13588;13639;13678
A=13730;13769;13821;13862;13900;13953;14002;14041
A=14091;14127;14180;14219;14271;14309;14361;14400
A=14449;14488;14537;14588;14625;14676;14713;14761
A=14811;14848;14897;14944;14994;15028;15077;15125
A=15172;15206;15253;15300;15344;15392;15437;15483
A=15529;15573;15620;15664;15710;15755;15798;15843
A=15886;15930;15972;16027;16069;16112;16154;16206
A=16249;16290;16333;16385;16426;16467;16520;16561
A=16604;16657;16697;16740;16792;16831;16872;16922
A=16963;17014;17056;17097;17148;17191;17241;17283
A=17323;17375;17417;17457;17510;17551;17594;17645
A=17685;17736;17777;17827;17868;17909;17961;18002
A=18044;18093;18136;18175;18229;18269;18312;18365
A=18406;18449;18501;18542;18585;18627;18679;18722
A=18763;18816;18859;18899;18942;18996;19036;19079
A=19122;19175;19218;19262;19304;19357;19399;19443
A=19485;19531;19573;19626;19669;19710;19754;19798
A=19851;19894;19936;19979;20022;20076;20119;20160
A=20204;20245;20300;20342;20385;20429;20471;20516
A=20572;20615;20660;20703;20748;20793;20839;20883
A=20928;20974;21018;21063;21107;21152;21198;21243
A=21286;21333;21376;21422;21467;21511;21559;21602
A=21648;21693;21737;21781;21828;21872;21919;21964
A=22010;22056;22099;22144;22190;22237;22272;22316
A=22362;22408;22454;22498;22544;22591;22635;22683
A=22728;22773;22819;22865;22909;22954;23001;23046
A=23093;23138;23171;23216;23261;23307;23354;23401
A=23447;23494;23540;23584;23628;23675;23710;23756
A=23802;23849;23895;23941;23985;24030;24077;24125
A=24171;24208;24254;24299;24343;24390;24435;24481
A=24529;24575;24609;24655;24703;24748;24793;24838
A=24886;24932;24979;25026;25062;25108;25153;25200
A=25245;25291;25339;25373;25420;25467;25514;25561
A=25607;25654;25690;25737;25784;25830;25877;25923
A=25969;26006;26053;26099;26148;26194;26242;26276
A=26325;26371;26417;26466;26502;26548;26596;26645
A=26681;26727;26775;26822;26870;26907;26954;27002
A=27050;27086;27135;27183;27231;27265;27313;27361
A=27409;27445;27496;27543;27580;27627;27678;27714
A=27762;27810;27858;27896;27943;27994;28030;28081
A=28128;28164;28215;28263;28298;28348;28398;28436
A=28487;28534;28572;28621;28671;28706;28754;28804
A=28840;28890;28927;28979;29030;29065;29116;29154
A=29204;29254;29290;29340;29389;29427;29477;29513
A=29563;29614;29652;29703;29742;29790;29838;29874
A=29924;29975;30011;30060;30100;30148;30198;30236
A=30286;30333;30370;30421;30469;30507;30553;30604
A=30641;30691;30739;30776;30824;30873;30910;30958
A=31007;31044;31093;31141;31177;31227;31274;31322
A=31369;31405;31452;31503;31540;31590;31639;31674
A=31721;31769;31816;31862;31911;31945;31992;32040
A=32085;32133;32181;32216;32261;32308;32355;32401
A=32449;32484;32531;32576;32623;32671;32717;32761
A=32809;32843;32890;32936;32982;33028;33076;33122
A=33167;33202;33249;33297;33342;33390;33435;33482
A=33529;33574;33610;33656;33703;33748;33794;33840
A=33886;33932;33980;34015;34061;34108;34155;34201
A=34248;34294;34330;34376;34420;34466;34514;34561
A=34606;34654;34689;34736;34781;34829;34876;34923
A=34958;35005;35054;35100;35147;35193;35228;35276
A=35322;35370;35417;35465;35502;35549;35596;35642
A=35689;35736;35770;35819;35864;35913;35948;35996
ZFMT=1;800;U;L;F
Z=69;69;70;71;71;72;73;74
Z=74;75;76;77;77;78;79;80
Z=80;81;81;81;82;82;82;82
Z=83;83;84;84;84;85;85;86
Z=86;87;87;87;88;88;88;89
Z=90;90;91;91;92;92;93;93
Z=94;94;95;95;96;96;97;98
Z=98;99;100;101;102;103;104;105
Z=105;106;107;108;109;110;111;112
Z=113;114;115;116;118;119;120;121
Z=123;124;125;126;126;127;126;124
Z=123;122;119;117;114;112;110;108
Z=107;105;104;102;101;100;99;97
Z=96;95;94;92;91;90;88;86
Z=85;83;82;80;79;78;76;75
Z=74;72;71;69;68;66;65;64
Z=62;61;59;58;56;55;54;53
Z=51;50;49;48;46;45;44;43
Z=41;40;39;38;37;36;35;35
Z=34;33;32;31;30;29;28;28
Z=27;26;25;24;23;22;22;21
Z=21;20;20;20;19;19;18;17
Z=17;16;15;15;15;14;14;14
Z=13;13;12;12;11;10;9;9
Z=8;7;7;7;6;6;6;5
Z=5;5;5;5;5;5;5;5
Z=4;4;4;4;4;4;4;4
Z=4;4;4;4;4;4;4;4
Z=5;5;5;6;6;7;7;7
Z=8;8;8;9;9;9;9;9
Z=9;9;9;10;10;11;11;11
Z=12;12;12;13;13;13;13;13
Z=13;13;13;14;14;15;15;15
Z=16;16;16;16;16;16;16;16
Z=17;17;18;18;19;19;20;20
Z=21;22;22;23;24;24;25;26
Z=26;27;28;29;30;31;32;32
Z=33;34;35;36;37;38;39;40
Z=41;42;43;43;44;45;46;47
Z=48;49;49;50;50;51;52;52
Z=53;54;55;56;57;58;59;60
Z=61;62;62;63;63;64;64;65
Z=65;66;66;67;67;68;68;69
Z=69;70;70;70;70;70;70;70
Z=70;70;70;70;70;70;70;70
Z=69;69;69;69;69;69;69;69
Z=69;69;69;68;68;67;67;66
Z=66;65;65;65;64;64;64;63
Z=62;62;62;62;61;61;61;60
Z=60;59;58;58;57;56;56;55
Z=54;54;53;53;52;51;51;50
Z=50;49;48;48;47;46;45;44
Z=44;43;42;41;41;40;39;38
Z=38;37;36;35;35;34;33;32
Z=32;31;30;29;28;27;26;26
Z=25;24;23;23;22;21;20;20
Z=19;19;19;18;18;18;18;19
Z=19;20;20;20;21;21;21;21
Z=20;20;20;20;19;19;19;18
Z=18;17;17;17;18;18;18;18
Z=19;19;19;19;18;18;18;18
Z=19;19;19;20;20;21;21;21
Z=20;20;20;21;21;21;21;21
Z=22;22;21;21;20;19;18;18
Z=17;16;16;16;16;16;17;17
Z=17;18;18;18;19;19;19;19
Z=19;19;19;20;20;20;20;20
Z=20;20;20;20;21;21;21;21
Z=20;20;20;20;19;19;19;19
Z=19;19;19;19;19;19;19;19
Z=19;19;20;20;21;21;20;20
Z=20;19;19;18;17;17;17;16
Z=16;15;14;14;13;12;12;11
Z=11;10;10;11;11;11;11;11
Z=11;11;11;11;10;10;10;9
Z=9;8;7;7;6;5;5;4
Z=4;3;3;2;2;2;2;2
Z=2;2;1;1;0;0;0;0
Z=0;0;0;1;1;1;1;2
Z=2;2;2;3;3;4;5;5
Z=6;7;8;8;9;10;10;10
Z=11;11;11;11;12;12;13;13
Z=14;15;16;17;18;19;20;21
Z=22;23;24;25;25;26;27;27
Z=28;28;28;29;29;30;31;31
Z=32;33;34;35;35;36;37;37
Z=38;39;40;41;42;43;44;45
Z=45;46;47;48;49;50;51;51
Z=52;52;52;52;53;53;53;53
Z=54;54;55;56;56;57;57;57
Z=58;58;58;58;57;57;56;56
Z=56;55;55;55;54;54;54;53
Z=53;53;53;53;53;53;53;53
Z=52;52;52;52;52;52;52;51
Z=51;51;51;52;52;52;52;52
Z=52;52;52;53;53;53;53;53
Z=53;53;53;53;53;53;53;53
Z=53;53;54;54;55;55;56;57
Z=58;59;60;62;63;64;65;65
Z=65;66;66;66;67;67;67;67
ZA=0;45;90;135;180;225;270;315
ZA=360;405;450;495;540;585;630;675
ZA=720;765;810;855;900;945;990;1035
ZA=1080;1125;1170;1215;1260;1305;1350;1395
ZA=1440;1485;1530;1575;1620;1665;1710;1755
ZA=1800;1845;1890;1935;1980;2025;2070;2115
ZA=2160;2205;2250;2295;2340;2385;2430;2475
ZA=2520;2565;2610;2655;2700;2745;2790;2835
ZA=2880;2925;2970;3015;3060;3105;3150;3195
ZA=3240;3285;3330;3375;3420;3465;3510;3555
ZA=3600;3645;3690;3735;3780;3825;3870;3915
ZA=3960;4005;4050;4095;4140;4185;4230;4275
ZA=4320;4365;4410;4455;4500;4545;4590;4635
ZA=4680;4725;4770;4815;4860;4905;4950;4995
ZA=5040;5085;5130;5175;5220;5265;5310;5355
ZA=5400;5445;5490;5535;5580;5625;5670;5715
ZA=5760;5805;5850;5895;5940;5985;6030;6075
ZA=6120;6165;6210;6255;6300;6345;6390;6435
ZA=6480;6525;6570;6615;6660;6705;6750;6795
ZA=6840;6885;6930;6975;7020;7065;7110;7155
ZA=7200;7245;7290;7335;7380;7425;7470;7515
ZA=7560;7605;7650;7695;7740;7785;7830;7875
ZA=7920;7965;8010;8055;8100;8145;8190;8235
ZA=8280;8325;8370;8415;8460;8505;8550;8595
ZA=8640;8685;8730;8775;8820;8865;8910;8955
ZA=9000;9045;9090;9135;9180;9225;9270;9315
ZA=9360;9405;9450;9495;9540;9585;9630;9675
ZA=9720;9765;9810;9855;9900;9945;9990;10035
ZA=10080;10125;10170;10215;10260;10305;10350;10395
ZA=10440;10485;10530;10575;10620;10665;10710;10755
ZA=10800;10845;10890;10935;10980;11025;11070;11115
ZA=11160;11205;11250;11295;11340;11385;11430;11475
ZA=11520;11565;11610;11655;11700;11745;11790;11835
ZA=11880;11925;11970;12015;12060;12105;12150;12195
ZA=12240;12285;12330;12375;12420;12465;12510;12555
ZA=12600;12645;12690;12735;12780;12825;12870;12915
ZA=12960;13005;13050;13095;13140;13185;13230;13275
ZA=13320;13365;13410;13455;13500;13545;13590;13635
ZA=13680;13725;13770;13815;13860;13905;13950;13995
ZA=14040;14085;14130;14175;14220;14265;14310;14355
ZA=14400;14445;14490;14535;14580;14625;14670;14715
ZA=14760;14805;14850;14895;14940;14985;15030;15075
ZA=15120;15165;15210;15255;15300;15345;15390;15435
ZA=15480;15525;15570;15615;15660;15705;15750;15795
ZA=15840;15885;15930;15975;16020;16065;16110;16155
ZA=16200;16245;16290;16335;16380;16425;16470;16515
ZA=16560;16605;16650;16695;16740;16785;16830;16875
ZA=16920;16965;17010;17055;17100;17145;17190;17235
ZA=17280;17325;17370;17415;17460;17505;17550;17595
ZA=17640;17685;17730;17775;17820;17865;17910;17955
ZA=18000;18045;18090;18135;18180;18225;18270;18315
ZA=18360;18405;18450;18495;18540;18585;18630;18675
ZA=18720;18765;18810;18855;18900;18945;18990;19035
ZA=19080;19125;19170;19215;19260;19305;19350;19395
ZA=19440;19485;19530;19575;19620;19665;19710;19755
ZA=19800;19845;19890;19935;19980;20025;20070;20115
ZA=20160;20205;20250;20295;20340;20385;20430;20475
ZA=20520;20565;20610;20655;20700;20745;20790;20835
ZA=20880;20925;20970;21015;21060;21105;21150;21195
ZA=21240;21285;21330;21375;21420;21465;21510;21555
ZA=21600;21645;21690;21735;21780;21825;21870;21915
ZA=21960;22005;22050;22095;22140;22185;22230;22275
ZA=22320;22365;22410;22455;22500;22545;22590;22635
ZA=22680;22725;22770;22815;22860;22905;22950;22995
ZA=23040;23085;23130;23175;23220;23265;23310;23355
ZA=23400;23445;23490;23535;23580;23625;23670;23715
ZA=23760;23805;23850;23895;23940;23985;24030;24075
ZA=24120;24165;24210;24255;24300;24345;24390;24435
ZA=24480;24525;24570;24615;24660;24705;24750;24795
ZA=24840;24885;24930;24975;25020;25065;25110;25155
ZA=25200;25245;25290;25335;25380;25425;25470;25515
ZA=25560;25605;25650;25695;25740;25785;25830;25875
ZA=25920;25965;26010;26055;26100;26145;26190;26235
ZA=26280;26325;26370;26415;26460;26505;26550;26595
ZA=26640;26685;26730;26775;26820;26865;26910;26955
ZA=27000;27045;27090;27135;27180;27225;27270;27315
ZA=27360;27405;27450;27495;27540;27585;27630;27675
ZA=27720;27765;27810;27855;27900;27945;27990;28035
ZA=28080;28125;28170;28215;28260;28305;28350;28395
ZA=28440;28485;28530;28575;28620;28665;28710;28755
ZA=28800;28845;28890;28935;28980;29025;29070;29115
ZA=29160;29205;29250;29295;29340;29385;29430;29475
ZA=29520;29565;29610;29655;29700;29745;29790;29835
ZA=29880;29925;29970;30015;30060;30105;30150;30195
ZA=30240;30285;30330;30375;30420;30465;30510;30555
ZA=30600;30645;30690;30735;30780;30825;30870;30915
ZA=30960;31005;31050;31095;31140;31185;31230;31275
ZA=31320;31365;31410;31455;31500;31545;31590;31635
ZA=31680;31725;31770;31815;31860;31905;31950;31995
ZA=32040;32085;32130;32175;32220;32265;32310;32355
ZA=32400;32445;32490;32535;32580;32625;32670;32715
ZA=32760;32805;32850;32895;32940;32985;33030;33075
ZA=33120;33165;33210;33255;33300;33345;33390;33435
ZA=33480;33525;33570;33615;33660;33705;33750;33795
ZA=33840;33885;33930;33975;34020;34065;34110;34155
ZA=34200;34245;34290;34335;34380;34425;34470;34515
ZA=34560;34605;34650;34695;34740;34785;34830;34875
ZA=34920;34965;35010;35055;35100;35145;35190;35235
ZA=35280;35325;35370;35415;35460;35505;35550;35595
ZA=35640;35685;35730;35775;35820;35865;35910;35955
_CDX=-0.30;0.30
_CDY=0.00;0.00
_OFFA=0.00
_OFFR=0.00
_BOOTNUM=616
_TRC_D=20240112095827
_PROC_D=20240112095827

_FCS=BEGIN
BEVP=2;2
BEVM=35;35
_FCS=END
